0 0.0563252653357143 0.0525906764 0.00325403928571429 0.0020050235650448 0.00201232763739002
5 0.0563252653357143 0.0494857517714286 0.00246848357142857 0.0020050235650448 0.00176713500089962
10 0.0563252653357143 0.0402113702785714 0.002501795 0.0020050235650448 0.00143531578178255
15 0.0563252653357143 0.0402580491785714 0.00241306928571429 0.0020050235650448 0.00144632837764692
20 0.0563252653357143 0.0402131599857143 0.00237233214285714 0.0020050235650448 0.00143179783536051
25 0.0563252653357143 0.0402219306214286 0.00227107214285714 0.0020050235650448 0.00143500586265202
30 0.0563252653357143 0.0402282655642857 0.00226959071428571 0.0020050235650448 0.00143408238710862
35 0.0563252653357143 0.0402393164071429 0.00223892142857143 0.0020050235650448 0.00143561194439183
40 0.0563252653357143 0.0402055799785714 0.00220137071428571 0.0020050235650448 0.00143506252520223
45 0.0563252653357143 0.0402135501357143 0.00219154428571429 0.0020050235650448 0.00143307230952401
50 0.0563252653357143 0.0743405821571428 0.00172909642857143 0.0020050235650448 0.00264835964216088
55 0.0563252653357143 0.0743542921428571 0.001727665 0.0020050235650448 0.00264996803171475
60 0.0563252653357143 0.0743987575071429 0.00172417357142857 0.0020050235650448 0.00264644474963222
65 0.0563252653357143 0.07437304065 0.00173573857142857 0.0020050235650448 0.00265411170120265
70 0.0563252653357143 0.0743825438142857 0.00173071428571429 0.0020050235650448 0.00265177690234807
75 0.0563252653357143 0.0744130947785714 0.00173619857142857 0.0020050235650448 0.00265397778944355
80 0.0563252653357143 0.0743838049714286 0.00172637071428571 0.0020050235650448 0.00264964925680534


0 0.0758161033928571 0.0747762730428572 0.00481292357142857 0.00270374298771466 0.0039199587128548
5 0.0758161033928571 0.0641574860785714 0.00448559 0.00270374298771466 0.00228729396051192
10 0.0758161033928571 0.06218566375 0.00425372642857143 0.00270374298771466 0.00221337651236635
15 0.0758161033928571 0.0566512339928571 0.00426440642857143 0.00270374298771466 0.00201768951448346
20 0.0758161033928571 0.04978411505 0.00410638571428571 0.00270374298771466 0.001775902078704
25 0.0758161033928571 0.0497478573714286 0.00410728928571429 0.00270374298771466 0.0017773881820223
30 0.0758161033928571 0.0554276364071429 0.00375139714285714 0.00270374298771466 0.00197406391982387
35 0.0758161033928571 0.05541620815 0.00374371785714286 0.00270374298771466 0.00197275050797945
40 0.0758161033928571 0.0554091249928572 0.00375332142857143 0.00270374298771466 0.00197827386786946
45 0.0758161033928571 0.05535973825 0.00374019142857143 0.00270374298771466 0.001971455839891
50 0.0758161033928571 0.0553723409857143 0.00377121928571429 0.00270374298771466 0.00197646785663837
55 0.0758161033928571 0.0553932376714286 0.00373305428571429 0.00270374298771466 0.00197100191540594
60 0.0758161033928571 0.0553907492428571 0.00361275714285714 0.00270374298771466 0.00197088042619644
65 0.0758161033928571 0.0554104707857143 0.00361864857142857 0.00270374298771466 0.0019767645923848
70 0.0758161033928571 0.0553890812785714 0.00361842714285714 0.00270374298771466 0.00199285944338139
75 0.0758161033928571 0.0555632630642857 0.00364707142857143 0.00270374298771466 0.00198459022179599
80 0.0758161033928571 0.0554048505928571 0.00361374428571429 0.00270374298771466 0.00197558780215877


0 0.0995506048142857 0.0983767844642857 0.00667723642857143 0.00354470961559238 0.0039884528333314
5 0.0995506048142857 0.0857838723428571 0.00837455571428571 0.00354470961559238 0.00306510954281007
10 0.0995506048142857 0.0830186781142857 0.00784730857142857 0.00354470961559238 0.00295552568812186
15 0.0995506048142857 0.0841323961928571 0.00778436928571429 0.00354470961559238 0.00299964946603693
20 0.0995506048142857 0.0716786209285714 0.00769358071428571 0.00354470961559238 0.00255100664696456
25 0.0995506048142857 0.0715888920642857 0.00746955071428571 0.00354470961559238 0.00254749133604849
30 0.0995506048142857 0.0715879215285714 0.00747598785714286 0.00354470961559238 0.00255174748220317
35 0.0995506048142857 0.0510723587142857 0.00716751 0.00354470961559238 0.00181724777807678
40 0.0995506048142857 0.0510955192928571 0.00714297 0.00354470961559238 0.00181888045963389
45 0.0995506048142857 0.0511381113714286 0.00714583071428571 0.00354470961559238 0.00181875509614757
50 0.0995506048142857 0.0511417377428571 0.00715664571428572 0.00354470961559238 0.00182145107735409
55 0.0995506048142857 0.0510791209857143 0.00714715785714286 0.00354470961559238 0.0018217299848721
60 0.0995506048142857 0.0511359996 0.00718029928571429 0.00354470961559238 0.00182141163830686
65 0.0995506048142857 0.0510839564214286 0.00699731285714286 0.00354470961559238 0.00181719799680108
70 0.0995506048142857 0.0784536596214286 0.00672297857142857 0.00354470961559238 0.00279414325592333
75 0.0995506048142857 0.0785317421571429 0.00673820285714286 0.00354470961559238 0.0027961001661887
80 0.0995506048142857 0.0785074575857143 0.006714395 0.00354470961559238 0.00279844485226281


0 0.127692954871429 0.122064760714286 0.00854090285714286 0.00455111742750904 0.00531486367435195
5 0.127692954871429 0.113772429457143 0.0143848285714286 0.00455111742750904 0.00405274790034624
10 0.127692954871429 0.0921772443428571 0.0132923571428571 0.00455111742750904 0.00328451757668642
15 0.127692954871429 0.10602193265 0.01370745 0.00455111742750904 0.00377431293344211
20 0.127692954871429 0.0847370684357143 0.01322245 0.00455111742750904 0.00301539142944781
25 0.127692954871429 0.0826251997357143 0.0130625642857143 0.00455111742750904 0.00294254363450762
30 0.127692954871429 0.0889239184571429 0.0120848714285714 0.00455111742750904 0.00316606910614853
35 0.127692954871429 0.0863282447214286 0.0121043642857143 0.00455111742750904 0.00307210705091605
40 0.127692954871429 0.0889207687714286 0.0119581 0.00455111742750904 0.00318497944679663
45 0.127692954871429 0.0890199090142857 0.0119132 0.00455111742750904 0.00317358548884596
50 0.127692954871429 0.0889295584785714 0.0119424642857143 0.00455111742750904 0.003169960939746
55 0.127692954871429 0.0888711711285714 0.0119550071428571 0.00455111742750904 0.00316448665976457
60 0.127692954871429 0.0905311535285714 0.01209735 0.00455111742750904 0.00322373556232353
65 0.127692954871429 0.0906156930214286 0.0120803 0.00455111742750904 0.00322915348509689
70 0.127692954871429 0.0906232389785714 0.0120677642857143 0.00455111742750904 0.00322610889072463
75 0.127692954871429 0.0906523128928571 0.0121681857142857 0.00455111742750904 0.00322672981809941
80 0.127692954871429 0.0905806220928571 0.0120911714285714 0.00455111742750904 0.00322512468310276


0 0.1607158184 0.151047609592857 0.0142850142857143 0.00573773229673341 0.0062548073937541
5 0.1607158184 0.144547060285714 0.0238616571428571 0.00573773229673341 0.00513699946201133
10 0.1607158184 0.143812522521429 0.0235523642857143 0.00573773229673341 0.00514234344288317
15 0.1607158184 0.124553913978571 0.0231412357142857 0.00573773229673341 0.00449604010701032
20 0.1607158184 0.135778321214286 0.02294895 0.00573773229673341 0.0048320682781098
25 0.1607158184 0.1340849639 0.02266735 0.00573773229673341 0.00477848883529811
30 0.1607158184 0.134018924507143 0.0235435357142857 0.00573773229673341 0.00478560095555126
35 0.1607158184 0.134003956964286 0.0234698285714286 0.00573773229673341 0.00476803815509589
40 0.1607158184 0.133843141242857 0.0233885642857143 0.00573773229673341 0.00476663720063757
45 0.1607158184 0.142903920564286 0.0201053142857143 0.00573773229673341 0.00509352413212388
50 0.1607158184 0.142953236821429 0.0201913857142857 0.00573773229673341 0.00509415714877541
55 0.1607158184 0.08050608325 0.0211037428571429 0.00573773229673341 0.00287076462734508
60 0.1607158184 0.0805339245428571 0.0211454857142857 0.00573773229673341 0.00287017871225462
65 0.1607158184 0.0806086721857143 0.0211234285714286 0.00573773229673341 0.0028720764419962
70 0.1607158184 0.0805014449142857 0.02113505 0.00573773229673341 0.00286622816493378
75 0.1607158184 0.0804988071071429 0.0211492 0.00573773229673341 0.00287069751221236
80 0.1607158184 0.0805347735857143 0.0211925928571429 0.00573773229673341 0.00286682753508289


0 0.199175051278571 0.19623543015 0.0204566428571429 0.00709003194589041 0.00851161387776184
5 0.199175051278571 0.178065423221429 0.0377229071428571 0.00709003194589041 0.00633847360271429
10 0.199175051278571 0.170168420835714 0.0375460857142857 0.00709003194589041 0.00606679506417733
15 0.199175051278571 0.161030146171429 0.0355934857142857 0.00709003194589041 0.0057575077240481
20 0.199175051278571 0.131414954864286 0.0356790714285714 0.00709003194589041 0.00468468256046582
25 0.199175051278571 0.14463427795 0.0347334857142857 0.00709003194589041 0.00515595927542148
30 0.199175051278571 0.144659088328571 0.03467545 0.00709003194589041 0.00515535661714757
35 0.199175051278571 0.148757455221429 0.0334168357142857 0.00709003194589041 0.00530287888413222
40 0.199175051278571 0.130540981742857 0.0340894142857143 0.00709003194589041 0.00468282189778199
45 0.199175051278571 0.141435709807143 0.0356724928571429 0.00709003194589041 0.00503777231771125
50 0.199175051278571 0.135229340828571 0.0328726 0.00709003194589041 0.00481541551401872
55 0.199175051278571 0.140268696521429 0.0340407785714286 0.00709003194589041 0.00500448889424346
60 0.199175051278571 0.140201477028571 0.0340881071428571 0.00709003194589041 0.00499208693687236
65 0.199175051278571 0.140264589228571 0.0338657142857143 0.00709003194589041 0.00501540612707364
70 0.199175051278571 0.140255351585714 0.0333581285714286 0.00709003194589041 0.00499181517819138
75 0.199175051278571 0.140311683964286 0.0332715 0.00709003194589041 0.00501628882967107
80 0.199175051278571 0.130572010064286 0.0323003214285714 0.00709003194589041 0.00465597962248221


0 0.232617599621429 0.2354906539 0.0274779714285714 0.00831319682454732 0.0109011890044049
5 0.232617599621429 0.227078337842857 0.0590388071428571 0.00831319682454732 0.00825702544682667
10 0.232617599621429 0.215389403314286 0.0577766571428571 0.00831319682454732 0.00767494910092744
15 0.232617599621429 0.192888369357143 0.05776345 0.00831319682454732 0.00686571386985883
20 0.232617599621429 0.192222515378571 0.0573719857142857 0.00831319682454732 0.00686211130881886
25 0.232617599621429 0.16485166135 0.0567169571428571 0.00831319682454732 0.00586730881345566
30 0.232617599621429 0.164864643721429 0.0567378642857143 0.00831319682454732 0.00587357883821822
35 0.232617599621429 0.142211658521429 0.0554503714285714 0.00831319682454732 0.00507228441898586
40 0.232617599621429 0.1421672278 0.0555524142857143 0.00831319682454732 0.00506413027304211
45 0.232617599621429 0.1422266413 0.0555157357142857 0.00831319682454732 0.00506519679860941
50 0.232617599621429 0.137696853471429 0.0550775785714286 0.00831319682454732 0.00492144429451678
55 0.232617599621429 0.159007803342857 0.0535455785714286 0.00831319682454732 0.00566209836702219
60 0.232617599621429 0.159122692171429 0.0536115642857143 0.00831319682454732 0.00566776311494499
65 0.232617599621429 0.159234834171429 0.0534799571428572 0.00831319682454732 0.00568687878275063
70 0.232617599621429 0.159036891692857 0.0535811357142857 0.00831319682454732 0.00566868123297739
75 0.232617599621429 0.178786660021429 0.0521479428571429 0.00831319682454732 0.00637553797356128
80 0.232617599621429 0.178654191414286 0.0522799857142857 0.00831319682454732 0.00637682407069715


0 0.269634842864286 0.2796694927 0.0465718642857143 0.00962147761283218 0.0114212027587438
5 0.269634842864286 0.270868776628571 0.0890018785714286 0.00962147761283218 0.00964812385002085
10 0.269634842864286 0.259359208264286 0.0877724357142857 0.00962147761283218 0.00924777708173661
15 0.269634842864286 0.240624121928571 0.0856806714285714 0.00962147761283218 0.00858641590947641
20 0.269634842864286 0.251064594335714 0.0901248071428571 0.00962147761283218 0.00892701194993088
25 0.269634842864286 0.247321597842857 0.0863774071428571 0.00962147761283218 0.00879211778152169
30 0.269634842864286 0.203559615557143 0.0867826642857143 0.00962147761283218 0.00732102099052016
35 0.269634842864286 0.203723031471429 0.0867626571428571 0.00962147761283218 0.00728295738133665
40 0.269634842864286 0.203371444028571 0.0866938785714286 0.00962147761283218 0.00729494558338764
45 0.269634842864286 0.202552025671429 0.0844743285714286 0.00962147761283218 0.0072314711092893
50 0.269634842864286 0.2267525682 0.08891845 0.00962147761283218 0.00806669227080953
55 0.269634842864286 0.2271010579 0.0891301928571429 0.00962147761283218 0.00812718895412688
60 0.269634842864286 0.224035993935714 0.0869547142857143 0.00962147761283218 0.00797190624467763
65 0.269634842864286 0.198287919207143 0.0888718642857143 0.00962147761283218 0.00706075752941368
70 0.269634842864286 0.198179146342857 0.0888880285714286 0.00962147761283218 0.00707761494758749
75 0.269634842864286 0.198310533407143 0.0886302285714286 0.00962147761283218 0.00705528172342793
80 0.269634842864286 0.198202329157143 0.0886583071428571 0.00962147761283218 0.00707843724032274


0 0.311063902735714 0.343048892857143 0.0651405571428571 0.0110908175705081 0.0154522945933197
5 0.311063902735714 0.323821207057143 0.1485275 0.0110908175705081 0.0115117825759318
10 0.311063902735714 0.327389933721429 0.145737857142857 0.0110908175705081 0.0116826674169353
15 0.311063902735714 0.3097575437 0.142920642857143 0.0110908175705081 0.0110370330458895
20 0.311063902735714 0.291927629064286 0.142377 0.0110908175705081 0.0103851949514713
25 0.311063902735714 0.29145221195 0.140044357142857 0.0110908175705081 0.0103803542775615
30 0.311063902735714 0.252195849592857 0.143374428571429 0.0110908175705081 0.0089826624484091
35 0.311063902735714 0.241413314842857 0.137422857142857 0.0110908175705081 0.0086011551965801
40 0.311063902735714 0.240220712864286 0.137095642857143 0.0110908175705081 0.00856026463975999
45 0.311063902735714 0.2398484854 0.136580357142857 0.0110908175705081 0.00853991502721439
50 0.311063902735714 0.239991811628571 0.136855642857143 0.0110908175705081 0.00856399766534219
55 0.311063902735714 0.188763704607143 0.135667357142857 0.0110908175705081 0.00674456994014372
60 0.311063902735714 0.1889964215 0.135103 0.0110908175705081 0.00672689535845534
65 0.311063902735714 0.1661217588 0.135656642857143 0.0110908175705081 0.00591575332600365
70 0.311063902735714 0.166288872728571 0.135515857142857 0.0110908175705081 0.00591949463340706
75 0.311063902735714 0.166230212964286 0.135903142857143 0.0110908175705081 0.0059229145940791
80 0.311063902735714 0.207499096207143 0.133021285714286 0.0110908175705081 0.00739631296859917


